-30.8	-6.987
-30.756	-6.9225
-30.712	-6.8415
-30.668	-6.759
-30.624	-6.6885
-30.58	-6.6165
-30.536	-6.5475
-30.492	-6.477
-30.448	-6.4215
-30.404	-6.372
-30.36	-6.3405
-30.316	-6.2925
-30.272	-6.2385
-30.228	-6.1785
-30.184	-6.12
-30.14	-6.0465
-30.096	-5.976
-30.052	-5.916
-30.008	-5.8575
-29.964	-5.7915
-29.92	-5.718
-29.876	-5.6265
-29.832	-5.55
-29.788	-5.4945
-29.744	-5.46
-29.7	-5.436
-29.656	-5.3835
-29.612	-5.3295
-29.568	-5.2755
-29.524	-5.2245
-29.48	-5.1795
-29.436	-5.1345
-29.392	-5.091
-29.348	-5.0355
-29.304	-4.9905
-29.26	-4.953
-29.216	-4.8885
-29.172	-4.818
-29.128	-4.746
-29.084	-4.6755
-29.04	-4.641
-28.996	-4.5975
-28.952	-4.5495
-28.908	-4.503
-28.864	-4.455
-28.82	-4.386
-28.776	-4.32
-28.732	-4.2645
-28.688	-4.224
-28.644	-4.1955
-28.6	-4.155
-28.556	-4.11
-28.512	-4.0605
-28.468	-4.041
-28.424	-4.035
-28.38	-4.008
-28.336	-3.945
-28.292	-3.867
-28.248	-3.81
-28.204	-3.756
-28.16	-3.711
-28.116	-3.672
-28.072	-3.6405
-28.028	-3.5955
-27.984	-3.5535
-27.94	-3.5175
-27.896	-3.4815
-27.852	-3.444
-27.808	-3.423
-27.764	-3.372
-27.72	-3.309
-27.676	-3.246
-27.632	-3.186
-27.588	-3.1335
-27.544	-3.093
-27.5	-3.069
-27.456	-3.027
-27.412	-2.982
-27.368	-2.94
-27.324	-2.907
-27.28	-2.8755
-27.236	-2.811
-27.192	-2.757
-27.148	-2.7075
-27.104	-2.6985
-27.06	-2.685
-27.016	-2.6505
-26.972	-2.6085
-26.928	-2.565
-26.884	-2.511
-26.84	-2.4915
-26.796	-2.4795
-26.752	-2.451
-26.708	-2.4105
-26.664	-2.37
-26.62	-2.328
-26.576	-2.283
-26.532	-2.232
-26.488	-2.1885
-26.444	-2.142
-26.4	-2.0925
-26.356	-2.037
-26.312	-2.016
-26.268	-2.0145
-26.224	-2.001
-26.18	-1.98
-26.136	-1.9755
-26.092	-1.9365
-26.048	-1.899
-26.004	-1.86
-25.96	-1.8225
-25.916	-1.788
-25.872	-1.7655
-25.828	-1.7235
-25.784	-1.6815
-25.74	-1.665
-25.696	-1.6335
-25.652	-1.5975
-25.608	-1.578
-25.564	-1.5375
-25.52	-1.4955
-25.476	-1.479
-25.432	-1.4475
-25.388	-1.407
-25.344	-1.362
-25.3	-1.335
-25.256	-1.323
-25.212	-1.3155
-25.168	-1.2945
-25.124	-1.2555
-25.08	-1.191
-25.036	-1.17
-24.992	-1.1655
-24.948	-1.164
-24.904	-1.134
-24.86	-1.116
-24.816	-1.113
-24.772	-1.071
-24.728	-1.026
-24.684	-0.9765
-24.64	-0.9435
-24.596	-0.9135
-24.552	-0.894
-24.508	-0.861
-24.464	-0.8265
-24.42	-0.7935
-24.376	-0.771
-24.332	-0.7485
-24.288	-0.729
-24.244	-0.72
-24.2	-0.681
-24.156	-0.6195
-24.112	-0.603
-24.068	-0.585
-24.024	-0.5655
-23.98	-0.5565
-23.936	-0.537
-23.892	-0.5145
-23.848	-0.492
-23.804	-0.456
-23.76	-0.4185
-23.716	-0.375
-23.672	-0.3525
-23.628	-0.339
-23.584	-0.339
-23.54	-0.291
-23.496	-0.2505
-23.452	-0.2175
-23.408	-0.1905
-23.364	-0.1905
-23.32	-0.183
-23.276	-0.162
-23.232	-0.144
-23.188	-0.1305
-23.144	-0.1185
-23.1	-0.078
-23.056	-0.045
-23.012	-0.0195
-22.968	-0.0015
-22.924	0.0225
-22.88	0.0495
-22.836	0.0765
-22.792	0.09
-22.748	0.105
-22.704	0.1305
-22.66	0.1365
-22.616	0.1365
-22.572	0.1605
-22.528	0.183
-22.484	0.2115
-22.44	0.2325
-22.396	0.234
-22.352	0.255
-22.308	0.2865
-22.264	0.321
-22.22	0.33
-22.176	0.3375
-22.132	0.3495
-22.088	0.3735
-22.044	0.4095
-22	0.4365
-21.956	0.4455
-21.912	0.456
-21.868	0.4755
-21.824	0.4965
-21.78	0.5055
-21.736	0.5355
-21.692	0.5625
-21.648	0.57
-21.604	0.585
-21.56	0.5895
-21.516	0.594
-21.472	0.597
-21.428	0.624
-21.384	0.666
-21.34	0.7155
-21.296	0.7305
-21.252	0.738
-21.208	0.7455
-21.164	0.795
-21.12	0.8235
-21.076	0.8265
-21.032	0.84
-20.988	0.8535
-20.944	0.858
-20.9	0.8595
-20.856	0.897
-20.812	0.906
-20.768	0.906
-20.724	0.9465
-20.68	0.9705
-20.636	0.9885
-20.592	1.0005
-20.548	1.005
-20.504	1.011
-20.46	1.0125
-20.416	1.0275
-20.372	1.0425
-20.328	1.056
-20.284	1.0725
-20.24	1.0935
-20.196	1.101
-20.152	1.1115
-20.108	1.1265
-20.064	1.1445
-20.02	1.149
-19.976	1.161
-19.932	1.1805
-19.888	1.1895
-19.844	1.2135
-19.8	1.2315
-19.756	1.2345
-19.712	1.254
-19.668	1.2645
-19.624	1.2735
-19.58	1.2945
-19.536	1.299
-19.492	1.3005
-19.448	1.302
-19.404	1.3425
-19.36	1.368
-19.316	1.3695
-19.272	1.371
-19.228	1.377
-19.184	1.3845
-19.14	1.3845
-19.096	1.3935
-19.052	1.416
-19.008	1.4235
-18.964	1.443
-18.92	1.4445
-18.876	1.449
-18.832	1.458
-18.788	1.4595
-18.744	1.467
-18.7	1.467
-18.656	1.4715
-18.612	1.509
-18.568	1.518
-18.524	1.5195
-18.48	1.542
-18.436	1.56
-18.392	1.563
-18.348	1.5825
-18.304	1.593
-18.26	1.6095
-18.216	1.617
-18.172	1.6215
-18.128	1.6275
-18.084	1.6275
-18.04	1.6275
-17.996	1.6335
-17.952	1.6335
-17.908	1.6395
-17.864	1.6635
-17.82	1.668
-17.776	1.671
-17.732	1.6785
-17.688	1.6815
-17.644	1.683
-17.6	1.6875
-17.556	1.6875
-17.512	1.6965
-17.468	1.701
-17.424	1.71
-17.38	1.722
-17.336	1.7295
-17.292	1.7445
-17.248	1.749
-17.204	1.7565
-17.16	1.7565
-17.116	1.761
-17.072	1.767
-17.028	1.773
-16.984	1.7865
-16.94	1.788
-16.896	1.809
-16.852	1.8105
-16.808	1.821
-16.764	1.824
-16.72	1.8255
-16.676	1.8255
-16.632	1.8285
-16.588	1.8285
-16.544	1.8315
-16.5	1.8375
-16.456	1.842
-16.412	1.842
-16.368	1.845
-16.324	1.848
-16.28	1.848
-16.236	1.851
-16.192	1.8525
-16.148	1.854
-16.104	1.8585
-16.06	1.8585
-16.016	1.8615
-15.972	1.8615
-15.928	1.8615
-15.884	1.8615
-15.84	1.863
-15.796	1.8615
-15.752	1.8615
-15.708	1.8615
-15.664	1.8615
-15.62	1.863
-15.576	1.8645
-15.532	1.866
-15.488	1.866
-15.444	1.869
-15.4	1.878
-15.356	1.878
-15.312	1.878
-15.268	1.878
-15.224	1.887
-15.18	1.887
-15.136	1.887
-15.092	1.887
-15.048	1.878
-15.004	1.887
-14.96	1.8885
-14.916	1.89
-14.872	1.8915
-14.828	1.8915
-14.784	1.896
-14.74	1.896
-14.696	1.9005
-14.652	1.9005
-14.608	1.9005
-14.564	1.9005
-14.52	1.9005
-14.476	1.902
-14.432	1.905
-14.388	1.908
-14.344	1.908
-14.3	1.9125
-14.256	1.914
-14.212	1.917
-14.168	1.926
-14.124	1.926
-14.08	1.926
-14.036	1.926
-13.992	1.926
-13.948	1.917
-13.904	1.9155
-13.86	1.914
-13.816	1.9095
-13.772	1.908
-13.728	1.905
-13.684	1.905
-13.64	1.905
-13.596	1.905
-13.552	1.905
-13.508	1.896
-13.464	1.8885
-13.42	1.863
-13.376	1.8615
-13.332	1.8615
-13.288	1.857
-13.244	1.857
-13.2	1.8495
-13.156	1.8495
-13.112	1.8495
-13.068	1.8465
-13.024	1.8465
-12.98	1.842
-12.936	1.839
-12.892	1.836
-12.848	1.836
-12.804	1.833
-12.76	1.8285
-12.716	1.8285
-12.672	1.8225
-12.628	1.821
-12.584	1.821
-12.54	1.8135
-12.496	1.8045
-12.452	1.8015
-12.408	1.7835
-12.364	1.7805
-12.32	1.779
-12.276	1.7535
-12.232	1.749
-12.188	1.7475
-12.144	1.7385
-12.1	1.734
-12.056	1.7325
-12.012	1.722
-11.968	1.7085
-11.924	1.698
-11.88	1.6965
-11.836	1.692
-11.792	1.6875
-11.748	1.686
-11.704	1.68
-11.66	1.668
-11.616	1.6545
-11.572	1.65
-11.528	1.6485
-11.484	1.644
-11.44	1.644
-11.396	1.6365
-11.352	1.6365
-11.308	1.6215
-11.264	1.62
-11.22	1.6125
-11.176	1.608
-11.132	1.593
-11.088	1.56
-11.044	1.5465
-11	1.5435
-10.956	1.542
-10.912	1.5315
-10.868	1.53
-10.824	1.524
-10.78	1.5
-10.736	1.4895
-10.692	1.488
-10.648	1.485
-10.604	1.482
-10.56	1.4685
-10.516	1.467
-10.472	1.4505
-10.428	1.4235
-10.384	1.419
-10.34	1.3965
-10.296	1.3875
-10.252	1.3815
-10.208	1.3755
-10.164	1.374
-10.12	1.368
-10.076	1.359
-10.032	1.3575
-9.988	1.35
-9.944	1.347
-9.9	1.3365
-9.856	1.3335
-9.812	1.314
-9.768	1.308
-9.724	1.3005
-9.68	1.278
-9.636	1.2285
-9.592	1.2195
-9.548	1.212
-9.504	1.203
-9.46	1.1925
-9.416	1.1895
-9.372	1.1745
-9.328	1.167
-9.284	1.1655
-9.24	1.1355
-9.196	1.125
-9.152	1.116
-9.108	1.0935
-9.064	1.08
-9.02	1.077
-8.976	1.071
-8.932	1.059
-8.888	1.029
-8.844	1.026
-8.8	1.005
-8.756	0.981
-8.712	0.9675
-8.668	0.945
-8.624	0.9315
-8.58	0.918
-8.536	0.9045
-8.492	0.888
-8.448	0.876
-8.404	0.855
-8.36	0.834
-8.316	0.822
-8.272	0.822
-8.228	0.816
-8.184	0.8115
-8.14	0.789
-8.096	0.7665
-8.052	0.747
-8.008	0.726
-7.964	0.705
-7.92	0.6975
-7.876	0.6885
-7.832	0.6705
-7.788	0.666
-7.744	0.6465
-7.7	0.639
-7.656	0.624
-7.612	0.606
-7.568	0.5535
-7.524	0.549
-7.48	0.5445
-7.436	0.528
-7.392	0.4935
-7.348	0.4515
-7.304	0.4395
-7.26	0.432
-7.216	0.4245
-7.172	0.4065
-7.128	0.3795
-7.084	0.3525
-7.04	0.3525
-6.996	0.3465
-6.952	0.333
-6.908	0.3315
-6.864	0.3135
-6.82	0.264
-6.776	0.246
-6.732	0.2295
-6.688	0.1995
-6.644	0.153
-6.6	0.135
-6.556	0.1215
-6.512	0.105
-6.468	0.078
-6.424	0.0525
-6.38	0.0495
-6.336	0.042
-6.292	0.012
-6.248	-0.0165
-6.204	-0.0345
-6.16	-0.063
-6.116	-0.09
-6.072	-0.0945
-6.028	-0.1215
-5.984	-0.1575
-5.94	-0.198
-5.896	-0.2325
-5.852	-0.2505
-5.808	-0.255
-5.764	-0.2595
-5.72	-0.2775
-5.676	-0.3225
-5.632	-0.351
-5.588	-0.357
-5.544	-0.3615
-5.5	-0.372
-5.456	-0.402
-5.412	-0.4395
-5.368	-0.474
-5.324	-0.501
-5.28	-0.5145
-5.236	-0.522
-5.192	-0.537
-5.148	-0.5895
-5.104	-0.5895
-5.06	-0.6105
-5.016	-0.657